% latex table generated in R 4.3.2 by xtable 1.8-4 package
% Mon May 11 22:07:33 2026
\begin{table}[htbp]
\centering
\caption{Correlation Matrix --- First Differences (Extended Sample with SOFR Proxy)} 
\label{tab:corr_ext}
\scalebox{0.78}{
\begin{tabular}{rrrrrrr}
  \toprule
 & SOFR-EFFR (proxy) & $\Delta$Reserves & $\Delta$TGA & $\Delta$Baa & $\Delta$Aaa & $\Delta$(Baa-Aaa) \\ 
  \midrule
SOFR-EFFR (proxy) & 1.000 & -0.025 & 0.007 & -0.081 & -0.028 & -0.067 \\ 
  $\Delta$Reserves & -0.025 & 1.000 & -0.340 & 0.029 & 0.024 & 0.004 \\ 
  $\Delta$TGA & 0.007 & -0.340 & 1.000 & -0.014 & 0.026 & -0.055 \\ 
  $\Delta$Baa & -0.081 & 0.029 & -0.014 & 1.000 & 0.733 & 0.261 \\ 
  $\Delta$Aaa & -0.028 & 0.024 & 0.026 & 0.733 & 1.000 & -0.465 \\ 
  $\Delta$(Baa-Aaa) & -0.067 & 0.004 & -0.055 & 0.261 & -0.465 & 1.000 \\ 
   \bottomrule
\end{tabular}
}
\end{table}
