\begin{table}[H]
\centering
\scalebox{0.78}{
\begin{tabular}{rrrrrrr}
  \toprule
 & SOFR--EFFR & $\Delta$Baa & $\Delta$Aaa & $\Delta$(Baa--Aaa) & $\Delta$Reserves & $\Delta$TGA \\ 
  \midrule
SOFR--EFFR & 1.000 & 0.005 & 0.016 & -0.018 & -0.043 & 0.017 \\ 
  $\Delta$Baa & 0.005 & 1.000 & 0.744 & 0.122 & 0.020 & -0.014 \\ 
  $\Delta$Aaa & 0.016 & 0.744 & 1.000 & -0.573 & 0.017 & 0.053 \\ 
  $\Delta$(Baa--Aaa) & -0.018 & 0.122 & -0.573 & 1.000 & 0.000 & -0.096 \\ 
  $\Delta$Reserves & -0.043 & 0.020 & 0.017 & 0.000 & 1.000 & -0.350 \\ 
  $\Delta$TGA & 0.017 & -0.014 & 0.053 & -0.096 & -0.350 & 1.000 \\ 
   \bottomrule
\end{tabular}
}
\caption{Contemporaneous Correlation Matrix (Post-2018, Stationary Variables)} 
\label{tab:corr_post2018}
\end{table}
